0,3.5667486,0.0625
20,2.427328,0.1953125
40,1.8053875,0.40625
60,1.6040752,0.4375
80,1.5924997,0.546875
100,1.4928343,0.5859375
120,1.5192113,0.515625
140,1.2866845,0.609375
160,1.0903472,0.6328125
180,1.1193953,0.640625
200,1.1104667,0.5859375
220,0.9507508,0.7421875
240,1.1128663,0.6640625
260,1.0577818,0.6875
280,0.9485364,0.71875
300,0.8757123,0.71875
320,0.9505941,0.6953125
340,0.89055026,0.765625
360,0.80159384,0.75
380,0.838839,0.7734375
400,0.84912837,0.7109375
420,0.736259,0.7421875
440,0.8968592,0.703125
460,0.72585404,0.7890625
480,0.59579694,0.8515625
500,0.7096619,0.78125
520,0.7160092,0.78125
540,0.68009293,0.765625
560,0.63056445,0.8203125
580,0.7297935,0.7578125
600,0.7300117,0.75
620,0.681074,0.8046875
640,0.77066517,0.7265625
660,0.77557635,0.734375
680,0.6441543,0.8046875
700,0.56158,0.8671875
720,0.72127736,0.7578125
740,0.46386912,0.859375
760,0.46674693,0.8671875
780,0.5710853,0.8359375
800,0.7214584,0.75
820,0.6876694,0.8046875
840,0.66631913,0.7734375
860,0.63690555,0.78125
880,0.47729188,0.8515625
900,0.5715566,0.84375
920,0.55814075,0.8515625
940,0.579739,0.8515625
960,0.58384645,0.84375
980,0.56864226,0.828125
1000,0.5739492,0.8359375
1020,0.54981804,0.828125
1040,0.51294106,0.828125
1060,0.47428995,0.828125
1080,0.5798795,0.8046875
1100,0.49074838,0.875
1120,0.5948514,0.8359375
1140,0.49467507,0.875
1160,0.55487335,0.8203125
1180,0.52495104,0.8359375
1200,0.45808434,0.8203125
1220,0.5810611,0.8125
1240,0.53937465,0.8515625
1260,0.39131987,0.90625
1280,0.4406476,0.8828125
1300,0.39432472,0.890625
1320,0.41809016,0.84375
1340,0.45227975,0.828125
1360,0.62623215,0.78125
1380,0.5132227,0.859375
1400,0.46450323,0.8671875
1420,0.43308336,0.8984375
1440,0.52115697,0.8515625
1460,0.605202,0.796875
1480,0.6481165,0.7890625
1500,0.39408237,0.8515625
1520,0.50473607,0.8359375
1540,0.60104835,0.828125
1560,0.41902524,0.8515625
1580,0.45471346,0.859375
1600,0.4411678,0.84375
1620,0.6333272,0.7890625
1640,0.48941165,0.84375
1660,0.5375036,0.828125
1680,0.4797204,0.8203125
1700,0.40562442,0.8984375
1720,0.5053803,0.84375
1740,0.60380983,0.8046875
1760,0.4040022,0.8515625
1780,0.39789551,0.875
1800,0.43390894,0.859375
1820,0.5470993,0.8125
1840,0.45824173,0.8125
1860,0.6611576,0.8046875
1880,0.49648374,0.8359375
1900,0.41324514,0.859375
1920,0.4088893,0.859375
1940,0.4106658,0.859375
1960,0.34427255,0.8828125
1980,0.422902,0.828125
2000,0.53800213,0.8125
2020,0.31294596,0.890625
2040,0.37056485,0.8671875
2060,0.4007727,0.8984375
2080,0.32637754,0.90625
2100,0.31658742,0.890625
2120,0.39487734,0.8828125
2140,0.46776092,0.828125
2160,0.4099335,0.890625
2180,0.321971,0.921875
2200,0.50947315,0.8515625
2220,0.5086308,0.8359375
2240,0.31911746,0.9140625
2260,0.458287,0.8515625
2280,0.39871722,0.8984375
2300,0.5256899,0.8515625
2320,0.36270398,0.875
2340,0.3819312,0.875
2360,0.43798813,0.8671875
2380,0.43018746,0.8203125
2400,0.43278816,0.8671875
2420,0.5268537,0.828125
2440,0.36546537,0.859375
2460,0.40622175,0.859375
2480,0.4469378,0.8359375
2500,0.38493788,0.8671875
2520,0.37169057,0.8828125
2540,0.35522923,0.8828125
2560,0.38479525,0.8671875
2580,0.3430742,0.8984375
2600,0.461496,0.875
2620,0.4067447,0.875
2640,0.4209409,0.859375
2660,0.4016663,0.875
2680,0.38683033,0.8828125
2700,0.34559828,0.8515625
2720,0.48842925,0.8203125
2740,0.37929967,0.8828125
2760,0.35703954,0.8828125
2780,0.3962826,0.859375
2800,0.49008024,0.8671875
2820,0.30173248,0.8828125
2840,0.3552282,0.84375
2860,0.45239106,0.8671875
2880,0.48606902,0.8046875
2900,0.37143895,0.8828125
2920,0.4643609,0.8359375
2940,0.48511478,0.8203125
2960,0.39930606,0.8515625
2980,0.30950734,0.90625
3000,0.3714893,0.890625
3020,0.4006282,0.84375
3040,0.34874758,0.8828125
3060,0.41021556,0.859375
3080,0.4734861,0.8671875
3100,0.32840562,0.8984375
3120,0.24912265,0.9296875
3140,0.4313063,0.8515625
3160,0.3642136,0.9140625
3180,0.34373668,0.875
3200,0.44310558,0.8515625
3220,0.43485272,0.8515625
3240,0.3715217,0.8984375
3260,0.26231164,0.9140625
3280,0.3497809,0.875
3300,0.31256473,0.890625
3320,0.44263107,0.890625
3340,0.48181126,0.875
3360,0.45035094,0.890625
3380,0.3213973,0.8984375
3400,0.408058,0.890625
3420,0.40637982,0.828125
3440,0.47276056,0.828125
3460,0.44187695,0.828125
3480,0.36546338,0.859375
3500,0.28736338,0.8984375
3520,0.48396158,0.8203125
3540,0.40953273,0.8828125
3560,0.29395434,0.90625
3580,0.31541565,0.9140625
3600,0.45551145,0.859375
3620,0.3889699,0.84375
3640,0.42287177,0.8828125
3660,0.29205337,0.90625
3680,0.29242468,0.90625
3700,0.50495505,0.8359375
3720,0.36435428,0.875
3740,0.43601927,0.8515625
3760,0.26737136,0.90625
3780,0.37306383,0.8984375
3800,0.25154087,0.9296875
3820,0.5342288,0.8125
3840,0.40818217,0.8671875
3860,0.5358522,0.8125
3880,0.41757876,0.859375
3900,0.3293119,0.859375
3920,0.35836905,0.859375
3940,0.32035506,0.9296875
3960,0.532483,0.8203125
3980,0.29946834,0.90625
4000,0.49003956,0.875
4020,0.3123176,0.9140625
4040,0.36426046,0.921875
4060,0.44852787,0.9140625
4080,0.3119498,0.8828125
4100,0.21753155,0.9296875
4120,0.2969134,0.9140625
4140,0.40098292,0.8671875
4160,0.35594398,0.8828125
4180,0.30512232,0.921875
4200,0.5479907,0.859375
4220,0.3524287,0.890625
4240,0.3936407,0.8828125
4260,0.27381426,0.9140625
4280,0.271441,0.8984375
4300,0.45450908,0.8515625
4320,0.29051873,0.8828125
4340,0.23784307,0.90625
4360,0.4014985,0.8671875
4380,0.42778245,0.859375
4400,0.34985203,0.8828125
4420,0.24984218,0.921875
4440,0.35607326,0.8671875
4460,0.38776967,0.859375
4480,0.30526876,0.8984375
4500,0.4083262,0.8203125
4520,0.45325512,0.828125
4540,0.32503718,0.9140625
4560,0.37229276,0.859375
4580,0.3583782,0.8828125
4600,0.26763394,0.9296875
4620,0.33449823,0.890625
4640,0.45409214,0.8515625
4660,0.20011264,0.9453125
4680,0.30639958,0.8828125
4700,0.291292,0.9140625
4720,0.60075676,0.78125
4740,0.35725087,0.8984375
4760,0.34256992,0.8984375
4780,0.24231695,0.9296875
4800,0.3638217,0.875
4820,0.39459616,0.8671875
4840,0.4647181,0.84375
4860,0.3873244,0.8671875
4880,0.27701262,0.9140625
4900,0.34651875,0.890625
4920,0.40920877,0.8828125
4940,0.37285486,0.890625
4960,0.4080488,0.84375
4980,0.35453093,0.8984375
5000,0.30321065,0.8828125
