0,3.6361454,0.0859375
20,3.1687775,0.078125
40,2.9507585,0.09375
60,2.6100862,0.1328125
80,2.3633595,0.25
100,2.2662208,0.2109375
120,2.124026,0.25
140,2.1108258,0.28125
160,1.905932,0.3203125
180,1.9037411,0.359375
200,1.86671,0.3671875
220,1.8833047,0.3984375
240,1.7818056,0.40625
260,1.7839406,0.3671875
280,1.6506292,0.4609375
300,1.8169179,0.3515625
320,1.7405913,0.3984375
340,1.6193908,0.4921875
360,1.5572869,0.4765625
380,1.5571673,0.5078125
400,1.3783216,0.59375
420,1.5185125,0.4921875
440,1.4682857,0.5
460,1.5857509,0.5
480,1.3102387,0.5625
500,1.4938066,0.484375
520,1.4784911,0.5234375
540,1.501572,0.515625
560,1.3535584,0.5625
580,1.3849653,0.5859375
600,1.4646415,0.515625
620,1.3855793,0.578125
640,1.3559282,0.5546875
660,1.3053784,0.5546875
680,1.1930655,0.625
700,1.2593949,0.5625
720,1.2278683,0.609375
740,1.2031918,0.640625
760,1.0755159,0.65625
780,1.1292437,0.6171875
800,1.2951249,0.578125
820,1.1445981,0.640625
840,1.1663418,0.609375
860,1.095163,0.6640625
880,1.0604906,0.6640625
900,1.2013097,0.5859375
920,1.200768,0.6171875
940,1.2086759,0.578125
960,1.2333007,0.6484375
980,1.0867548,0.640625
1000,1.1844692,0.6484375
1020,1.0564603,0.625
1040,1.0429358,0.6640625
1060,1.1143411,0.609375
1080,1.1675699,0.5703125
1100,1.1628611,0.59375
1120,1.0059879,0.640625
1140,1.0294573,0.703125
1160,1.1505252,0.6171875
1180,1.174864,0.6015625
1200,0.9673978,0.6875
1220,0.99407744,0.6484375
1240,1.0548017,0.6796875
1260,1.1950419,0.6875
1280,1.2612183,0.5703125
1300,1.0856949,0.625
1320,0.96498156,0.671875
1340,1.0898143,0.6328125
1360,1.0274864,0.6640625
1380,0.97829175,0.65625
1400,0.9668622,0.6640625
1420,0.9197209,0.6875
1440,1.126287,0.6328125
1460,1.0396106,0.6640625
1480,1.0000473,0.6796875
1500,0.87529165,0.7109375
1520,1.0211214,0.65625
1540,1.1549274,0.6328125
1560,0.8277265,0.7109375
1580,0.9162115,0.6953125
1600,0.9326951,0.6953125
1620,1.0291297,0.6875
1640,1.007645,0.6640625
1660,1.0116303,0.671875
1680,0.863084,0.7578125
1700,0.97408473,0.6796875
1720,0.92806154,0.640625
1740,0.8523288,0.6796875
1760,1.0595157,0.6484375
1780,0.9685179,0.6640625
1800,0.8929785,0.7109375
1820,0.80727714,0.7265625
1840,0.8865715,0.7421875
1860,1.0979689,0.65625
1880,0.9596401,0.703125
1900,0.9513751,0.6875
1920,0.85963386,0.75
1940,0.9487119,0.6875
1960,0.9458227,0.6484375
1980,0.86058444,0.734375
2000,0.7996632,0.7421875
2020,0.9473654,0.671875
2040,0.9893184,0.671875
2060,0.72450197,0.8046875
2080,1.1101692,0.734375
2100,0.9381292,0.6640625
2120,0.8685384,0.7578125
2140,0.8286442,0.734375
2160,0.9599043,0.6875
2180,0.9368926,0.703125
2200,0.97005856,0.6953125
2220,0.9591999,0.65625
2240,0.8324094,0.71875
2260,1.0224632,0.7109375
2280,0.9200656,0.734375
2300,0.8588563,0.734375
2320,0.92113435,0.6953125
2340,1.0528256,0.671875
2360,0.82898647,0.734375
2380,0.9272113,0.703125
2400,0.7977749,0.734375
2420,0.82846344,0.703125
2440,0.7636788,0.765625
2460,0.8176501,0.75
2480,0.8288202,0.7265625
2500,0.7753328,0.7890625
2520,0.75297713,0.765625
2540,0.65862125,0.796875
2560,0.8079432,0.75
2580,0.92205507,0.734375
2600,0.7685807,0.703125
2620,0.68369734,0.7578125
2640,0.6610506,0.7734375
2660,1.0124269,0.6796875
2680,0.84399724,0.765625
2700,0.72118664,0.7578125
2720,0.81488526,0.75
2740,0.9419365,0.75
2760,0.8111652,0.7265625
2780,0.73535776,0.7578125
2800,0.8716957,0.7421875
2820,0.7020051,0.7421875
2840,1.0040667,0.65625
2860,0.8782516,0.6953125
2880,0.690115,0.7890625
2900,0.8758866,0.6484375
2920,0.78537446,0.7578125
2940,0.9102023,0.6875
2960,0.82978153,0.78125
2980,0.89691144,0.703125
3000,0.86342967,0.734375
3020,0.750896,0.7734375
3040,0.86618865,0.71875
3060,0.7913948,0.6875
3080,0.7376424,0.75
3100,0.7901896,0.7421875
3120,0.7921472,0.765625
3140,0.70212936,0.765625
3160,0.85497516,0.71875
3180,0.79261,0.6875
3200,0.5907528,0.8359375
3220,0.8250353,0.734375
3240,0.8669925,0.7265625
3260,0.747453,0.7734375
3280,0.83758104,0.671875
3300,0.7266508,0.8203125
3320,0.90555394,0.625
3340,0.8110276,0.765625
3360,0.9393009,0.703125
3380,0.80269384,0.71875
3400,0.92141235,0.6875
3420,0.8447215,0.703125
3440,0.7750847,0.7734375
3460,0.65045387,0.84375
3480,0.82040966,0.6875
3500,0.8612339,0.734375
3520,0.7919422,0.7265625
3540,0.7533364,0.71875
3560,0.743313,0.71875
3580,0.7629968,0.765625
3600,0.6711333,0.7734375
3620,0.7503236,0.7890625
3640,0.796934,0.7734375
3660,0.8371236,0.7734375
3680,0.7308775,0.765625
3700,0.71383905,0.796875
3720,0.64158845,0.8125
3740,0.7419515,0.7265625
3760,0.64472276,0.734375
3780,0.79501104,0.734375
3800,0.8651421,0.7421875
3820,0.7657616,0.78125
3840,0.87843233,0.734375
3860,0.79386866,0.734375
3880,0.6958052,0.7578125
3900,0.6064186,0.7890625
3920,0.6452371,0.7734375
3940,0.7868248,0.734375
3960,0.90047926,0.7421875
3980,0.7712481,0.7109375
4000,0.7600713,0.703125
4020,0.7208241,0.7578125
4040,0.7619716,0.7109375
4060,0.7097182,0.765625
4080,0.77368927,0.7265625
4100,0.71820796,0.7421875
4120,0.8186588,0.7890625
4140,0.65977764,0.8046875
4160,0.80732703,0.7890625
4180,0.70794785,0.75
4200,0.7677313,0.75
4220,0.80077225,0.765625
4240,0.6738419,0.8046875
4260,0.72259045,0.796875
4280,0.6350029,0.765625
4300,0.5869134,0.828125
4320,0.7817657,0.78125
4340,0.8116602,0.7265625
4360,0.7116244,0.7890625
4380,0.6902722,0.796875
4400,0.65282154,0.8203125
4420,0.8673774,0.6875
4440,0.7361262,0.78125
4460,0.8580705,0.703125
4480,0.72724473,0.78125
4500,0.7315701,0.75
4520,0.75177467,0.7890625
4540,0.80297256,0.7421875
4560,0.78814614,0.6796875
4580,0.78857636,0.7578125
4600,0.6447788,0.765625
4620,0.5672041,0.8203125
4640,0.72516036,0.75
4660,0.77622753,0.7421875
4680,0.69148874,0.78125
4700,0.73425484,0.765625
4720,0.6531582,0.796875
4740,0.7590178,0.734375
4760,0.7176126,0.765625
4780,0.6427048,0.7734375
4800,0.77364933,0.7421875
4820,0.6633133,0.7734375
4840,0.8409517,0.7578125
4860,0.67795134,0.796875
4880,0.7341093,0.7421875
4900,0.833209,0.734375
4920,0.6524143,0.8203125
4940,0.7513441,0.7421875
4960,0.56476927,0.84375
4980,0.6978412,0.78125
5000,0.7319788,0.78125
5020,0.7987852,0.671875
5040,0.5613712,0.8125
5060,0.7267404,0.78125
5080,0.84638965,0.7421875
5100,0.7611388,0.765625
5120,0.7599093,0.78125
5140,0.741082,0.7421875
5160,0.6085887,0.765625
5180,0.63424146,0.78125
5200,0.7006821,0.765625
5220,0.63711107,0.7890625
5240,0.6225718,0.8046875
5260,0.71563065,0.78125
5280,0.80671,0.7578125
5300,0.6851121,0.78125
5320,0.6346783,0.78125
5340,0.7851852,0.7578125
5360,0.66684437,0.7734375
5380,0.7892157,0.7578125
5400,0.7701465,0.7265625
5420,0.79361963,0.71875
5440,0.793717,0.75
5460,0.72837186,0.7890625
5480,0.79980874,0.734375
5500,0.7474195,0.71875
5520,0.75103414,0.7734375
5540,0.71587676,0.7890625
5560,0.61842453,0.7890625
5580,0.7070013,0.7578125
5600,0.74079114,0.734375
5620,0.58877134,0.8203125
5640,0.74985415,0.7578125
5660,0.7497925,0.7109375
5680,0.76008475,0.78125
5700,0.7696629,0.7734375
5720,0.81006944,0.7109375
5740,0.6323237,0.796875
5760,0.69465244,0.7421875
5780,0.6116323,0.8046875
5800,0.63644004,0.78125
5820,0.76670367,0.7734375
5840,0.611568,0.8203125
5860,0.7745995,0.7265625
5880,0.7030221,0.7578125
5900,0.66272855,0.75
5920,0.7166655,0.8125
5940,0.584397,0.8125
5960,0.5907301,0.7890625
5980,0.65804917,0.7890625
6000,0.6836972,0.765625
6020,0.5624217,0.734375
6040,0.85585034,0.765625
6060,0.62353885,0.7734375
6080,0.65879,0.7890625
6100,0.71312124,0.7578125
6120,0.57215726,0.8359375
6140,0.51304126,0.8203125
6160,0.82765096,0.78125
6180,0.68900883,0.828125
6200,0.65956557,0.796875
6220,0.7102053,0.7578125
6240,0.7204009,0.765625
6260,0.55077803,0.8046875
6280,0.64133346,0.7578125
6300,0.6590948,0.7734375
6320,0.6139955,0.7890625
6340,0.63393474,0.78125
6360,0.70601475,0.765625
6380,0.6725141,0.828125
6400,0.5436299,0.859375
6420,0.7031966,0.796875
6440,0.7189145,0.71875
6460,0.58859277,0.8203125
6480,0.7427783,0.7421875
6500,0.6628711,0.7578125
6520,0.62610686,0.8125
6540,0.70282006,0.75
6560,0.58561206,0.8203125
6580,0.5889062,0.828125
6600,0.61174375,0.8046875
6620,0.7012739,0.7421875
6640,0.68444026,0.7578125
6660,0.67740977,0.7734375
6680,0.5087877,0.8359375
6700,0.51973397,0.84375
6720,0.8260196,0.7109375
6740,0.8121154,0.734375
6760,0.6934644,0.78125
6780,0.7012129,0.78125
6800,0.61504245,0.78125
6820,0.7961968,0.7578125
6840,0.8152106,0.8046875
6860,0.6271229,0.796875
6880,0.61268795,0.7734375
6900,0.7805707,0.75
6920,0.5384735,0.8515625
6940,0.81369305,0.765625
6960,0.70383704,0.78125
6980,0.80544865,0.765625
7000,0.69023,0.7265625
7020,0.6672925,0.7890625
7040,0.757899,0.7734375
7060,0.68786675,0.78125
7080,0.6461772,0.7578125
7100,0.6173322,0.7890625
7120,0.7404527,0.7578125
7140,0.6555794,0.796875
7160,0.8548415,0.75
7180,0.73226726,0.734375
7200,0.53613466,0.8203125
7220,0.80450743,0.703125
7240,0.7196623,0.75
7260,0.6882332,0.78125
7280,0.7927847,0.7265625
7300,0.6435646,0.8125
7320,0.8189021,0.78125
7340,0.7313247,0.7890625
7360,0.6320363,0.796875
7380,0.81755453,0.7421875
7400,0.5999501,0.828125
7420,0.70818615,0.765625
7440,0.7264195,0.78125
7460,0.79650897,0.765625
7480,0.7869261,0.7421875
7500,0.81859154,0.765625
7520,0.66170084,0.7890625
7540,0.6083813,0.8359375
7560,0.53703,0.8359375
7580,0.6127664,0.8203125
7600,0.7249088,0.7421875
7620,0.6791924,0.7734375
7640,0.67712814,0.734375
7660,0.6198499,0.8203125
7680,0.7148801,0.75
7700,0.70750964,0.78125
7720,0.76618433,0.765625
7740,0.7966552,0.78125
7760,0.49661487,0.828125
7780,0.5627379,0.8046875
7800,0.54451174,0.828125
7820,0.8927269,0.65625
7840,0.6861197,0.8046875
7860,0.712669,0.7734375
7880,0.62876415,0.75
7900,0.7072619,0.7890625
7920,0.6909406,0.7421875
7940,0.64150286,0.8125
7960,0.69636434,0.7578125
7980,0.71777546,0.7578125
8000,0.6239719,0.78125
8020,0.7156751,0.7265625
8040,0.50211847,0.8125
8060,0.6577646,0.8046875
8080,0.7031192,0.796875
8100,0.54179955,0.796875
8120,0.8788334,0.75
8140,0.91764534,0.7265625
8160,0.7466958,0.78125
8180,0.5996445,0.8203125
8200,0.70945626,0.8046875
8220,0.7220674,0.7578125
8240,0.62153685,0.765625
8260,0.6943048,0.75
8280,0.614423,0.78125
8300,0.62156284,0.7734375
8320,0.6337643,0.8125
8340,0.6962614,0.78125
8360,0.5776924,0.8359375
8380,0.71845865,0.7578125
8400,0.6517492,0.8125
8420,0.6187229,0.8359375
8440,0.557384,0.8359375
8460,0.8651595,0.765625
8480,0.7157997,0.7421875
8500,0.61725,0.796875
8520,0.5464276,0.7734375
8540,0.59900165,0.7578125
8560,0.6997832,0.7421875
8580,0.5906489,0.8203125
8600,0.8952861,0.71875
8620,0.68594956,0.828125
8640,0.50818443,0.8046875
8660,0.72512066,0.75
8680,0.51513517,0.8515625
8700,0.89422476,0.71875
8720,0.6105047,0.78125
8740,0.64329463,0.8359375
8760,0.5852871,0.78125
8780,0.83127344,0.71875
8800,0.7070658,0.7734375
8820,0.5511864,0.8125
8840,0.6050511,0.75
8860,0.7291937,0.7734375
8880,0.78119373,0.71875
8900,0.66978955,0.8046875
8920,0.7237121,0.796875
8940,0.5906963,0.7734375
8960,0.56281066,0.828125
8980,0.757359,0.765625
9000,0.66206133,0.7734375
9020,0.60911953,0.7265625
9040,0.7207531,0.765625
9060,0.7870758,0.7578125
9080,0.71031696,0.78125
9100,0.71953416,0.7265625
9120,0.551473,0.828125
9140,0.5835045,0.796875
9160,0.6431401,0.828125
9180,0.6158542,0.75
9200,0.5543022,0.8046875
9220,0.7989596,0.71875
9240,0.7424116,0.765625
9260,0.68893886,0.765625
9280,0.78338593,0.71875
9300,0.5890509,0.8046875
9320,0.5624503,0.796875
9340,0.7400942,0.75
9360,0.61255693,0.8203125
9380,0.7580632,0.7265625
9400,0.5459266,0.796875
9420,0.69906366,0.78125
9440,0.59910464,0.78125
9460,0.5879981,0.796875
9480,0.6022034,0.8359375
9500,0.6738786,0.7890625
9520,0.63866013,0.8046875
9540,0.5873398,0.8203125
9560,0.566441,0.8203125
9580,0.7867295,0.78125
9600,0.74683654,0.7421875
9620,0.75531447,0.765625
9640,0.6594999,0.8203125
9660,0.54973865,0.8359375
9680,0.5267254,0.78125
9700,0.6689228,0.7734375
9720,0.6328454,0.75
9740,0.6075375,0.828125
9760,0.6974568,0.7734375
9780,0.570389,0.8203125
9800,0.68706465,0.8046875
9820,0.6285159,0.8203125
9840,0.72782254,0.7890625
9860,0.64401245,0.75
9880,0.5906673,0.828125
9900,0.62729007,0.765625
9920,0.75196296,0.7109375
9940,0.6828191,0.78125
9960,0.63571894,0.765625
9980,0.7519644,0.71875
10000,0.94593966,0.6875
