0,4.398288,0.09375
20,3.1675894,0.1171875
40,2.79593,0.1015625
60,2.4100006,0.1171875
80,2.223271,0.2265625
100,2.2069168,0.2734375
120,1.9395648,0.3515625
140,1.803066,0.3515625
160,1.6432452,0.453125
180,1.5195929,0.5
200,1.4745855,0.53125
220,1.3146214,0.6171875
240,1.4585052,0.515625
260,1.4501603,0.5
280,1.2663103,0.609375
300,1.1942787,0.6015625
320,1.3509406,0.5390625
340,1.184266,0.625
360,1.207624,0.625
380,1.2172,0.5859375
400,1.2063026,0.6171875
420,1.1696677,0.65625
440,1.0285399,0.71875
460,1.0172564,0.640625
480,1.1467783,0.609375
500,1.0506546,0.6953125
520,1.0539271,0.6875
540,1.0367196,0.7109375
560,0.931927,0.7421875
580,1.0243918,0.6484375
600,0.98356056,0.703125
620,0.908528,0.7109375
640,0.992401,0.6953125
660,1.0002894,0.6796875
680,0.9587219,0.671875
700,0.9249692,0.671875
720,0.9368325,0.6796875
740,0.89378154,0.703125
760,0.9118122,0.6875
780,0.88279897,0.7109375
800,1.0436661,0.640625
820,0.93204045,0.6875
840,0.93543166,0.6640625
860,0.86567193,0.7265625
880,0.9461316,0.6796875
900,1.0147495,0.640625
920,0.91915274,0.7109375
940,0.9711746,0.6640625
960,0.83262193,0.734375
980,0.77793735,0.734375
1000,0.906201,0.6875
1020,0.67599005,0.8125
1040,0.7930076,0.7578125
1060,0.72519875,0.7578125
1080,0.8311408,0.71875
1100,0.83857214,0.7421875
1120,0.9180842,0.6875
1140,0.92544734,0.6875
1160,0.86516404,0.6953125
1180,0.7640952,0.765625
1200,0.7340591,0.7890625
1220,0.85295177,0.75
1240,0.77325433,0.7734375
1260,0.96885103,0.671875
1280,0.7886141,0.7265625
1300,0.75623345,0.75
1320,0.78348005,0.75
1340,0.827323,0.71875
1360,0.86913466,0.71875
1380,0.9459942,0.7265625
1400,0.8378526,0.7421875
1420,0.74209553,0.7421875
1440,0.8031757,0.7421875
1460,0.7036575,0.8046875
1480,0.6420909,0.7890625
1500,0.70148647,0.7734375
1520,0.59408426,0.8125
1540,0.7449649,0.7421875
1560,0.62695503,0.7734375
1580,0.79565036,0.7421875
1600,0.6741829,0.7734375
1620,0.73816496,0.7578125
1640,0.77242,0.734375
1660,0.70975727,0.7890625
1680,0.8015234,0.75
1700,0.8807448,0.7109375
1720,0.7392684,0.7578125
1740,0.6850097,0.7890625
1760,0.73549676,0.7265625
1780,0.6547626,0.75
1800,0.86331546,0.703125
1820,0.7158947,0.796875
1840,0.79872435,0.7109375
1860,0.62667584,0.7890625
1880,0.82088923,0.765625
1900,0.67375433,0.7734375
1920,0.6800099,0.78125
1940,0.82023233,0.734375
1960,0.8158059,0.6875
1980,0.7088735,0.7578125
2000,0.624686,0.796875
2020,0.83991027,0.703125
2040,0.9035187,0.6640625
2060,0.70534045,0.7578125
2080,0.7812087,0.75
2100,0.6813399,0.78125
2120,0.61640227,0.796875
2140,0.7303227,0.734375
2160,0.8253623,0.734375
2180,0.67823595,0.765625
2200,0.6729121,0.78125
2220,0.58591574,0.796875
2240,0.6939863,0.7734375
2260,0.589937,0.8203125
2280,0.6435066,0.796875
2300,0.6099702,0.8203125
2320,0.7360674,0.7578125
2340,0.6314155,0.7734375
2360,0.9419473,0.671875
2380,0.69000405,0.8046875
2400,0.588764,0.828125
2420,0.5224829,0.828125
2440,0.62287945,0.8203125
2460,0.6017058,0.78125
2480,0.67397827,0.765625
2500,0.7206867,0.71875
2520,0.55374527,0.8515625
2540,0.7533436,0.8046875
2560,0.6560735,0.7421875
2580,0.8264264,0.734375
2600,0.59047997,0.7890625
2620,0.71357465,0.8203125
2640,0.6646977,0.796875
2660,0.70916975,0.7734375
2680,0.50289786,0.859375
2700,0.80807483,0.71875
2720,0.6023046,0.828125
2740,0.642467,0.8046875
2760,0.6684153,0.8125
2780,0.5491226,0.8203125
2800,0.5192877,0.828125
2820,0.60586774,0.84375
2840,0.7162016,0.75
2860,0.72634554,0.7578125
2880,0.5753393,0.8203125
2900,0.80110574,0.7421875
2920,0.62681985,0.78125
2940,0.7213602,0.796875
2960,0.658217,0.7734375
2980,0.6534587,0.8125
3000,0.7571329,0.7265625
3020,0.49535814,0.8828125
3040,0.5857223,0.7578125
3060,0.59129864,0.8046875
3080,0.5315655,0.828125
3100,0.6228038,0.8203125
3120,0.59374905,0.8046875
3140,0.48187575,0.8671875
3160,0.7709145,0.75
3180,0.5565131,0.796875
3200,0.51011276,0.8046875
3220,0.50932807,0.8828125
3240,0.6086156,0.8359375
3260,0.73426723,0.71875
3280,0.68841755,0.7890625
3300,0.62369007,0.7734375
3320,0.6362519,0.796875
3340,0.7033824,0.8046875
3360,0.5673951,0.8515625
3380,0.46121073,0.84375
3400,0.5113989,0.8046875
3420,0.6152468,0.7890625
3440,0.55373704,0.828125
3460,0.7242937,0.78125
3480,0.6742084,0.7578125
3500,0.7013922,0.7890625
3520,0.6342851,0.78125
3540,0.6070249,0.8203125
3560,0.5807458,0.8203125
3580,0.56091166,0.8203125
3600,0.5781358,0.8203125
3620,0.7549761,0.78125
3640,0.5402565,0.8046875
3660,0.47132385,0.84375
3680,0.57511073,0.78125
3700,0.5414881,0.8515625
3720,0.7043383,0.7265625
3740,0.72104317,0.765625
3760,0.63953376,0.7734375
3780,0.6746064,0.796875
3800,0.7623557,0.796875
3820,0.42196596,0.859375
3840,0.5361069,0.796875
3860,0.60406864,0.796875
3880,0.6793435,0.78125
3900,0.5799175,0.8359375
3920,0.73550755,0.78125
3940,0.5990335,0.828125
3960,0.5157879,0.8046875
3980,0.41034722,0.828125
4000,0.79936445,0.7265625
4020,0.52683693,0.8359375
4040,0.7160933,0.7421875
4060,0.7796655,0.7421875
4080,0.657092,0.7734375
4100,0.52470684,0.84375
4120,0.3555737,0.875
4140,0.5152023,0.8359375
4160,0.794914,0.7421875
4180,0.6526327,0.78125
4200,0.48033002,0.859375
4220,0.6098967,0.796875
4240,0.5845381,0.796875
4260,0.68413246,0.7734375
4280,0.4563584,0.859375
4300,0.61883605,0.8046875
4320,0.6724583,0.78125
4340,0.4068308,0.8671875
4360,0.742733,0.78125
4380,0.51314,0.8125
4400,0.5176319,0.875
4420,0.4522987,0.8515625
4440,0.44484544,0.875
4460,0.62761706,0.78125
4480,0.6139569,0.8125
4500,0.53667355,0.8203125
4520,0.56967485,0.8515625
4540,0.4612645,0.84375
4560,0.4599316,0.859375
4580,0.7840762,0.7734375
4600,0.7309743,0.765625
4620,0.61943626,0.8359375
4640,0.57766634,0.8203125
4660,0.5535707,0.828125
4680,0.6742443,0.765625
4700,0.6507486,0.7890625
4720,0.43365452,0.8671875
4740,0.5100858,0.8203125
4760,0.57430077,0.8125
4780,0.42677656,0.875
4800,0.7688128,0.75
4820,0.6740465,0.78125
4840,0.59236825,0.8046875
4860,0.4416644,0.8515625
4880,0.48873267,0.8203125
4900,0.5145433,0.8359375
4920,0.44743654,0.8671875
4940,0.47995928,0.84375
4960,0.5614863,0.8359375
4980,0.5414485,0.8203125
5000,0.6286286,0.8359375
5020,0.47033948,0.84375
5040,0.60791457,0.8359375
5060,0.6142674,0.78125
5080,0.5419631,0.859375
5100,0.858586,0.7421875
5120,0.6910234,0.7421875
5140,0.58599955,0.8125
5160,0.51933765,0.8203125
5180,0.39873624,0.859375
5200,0.664453,0.7734375
5220,0.67614007,0.78125
5240,0.54266894,0.8359375
5260,0.47907573,0.8359375
5280,0.5240584,0.859375
5300,0.62067264,0.7734375
5320,0.5898564,0.8046875
5340,0.5117342,0.8359375
5360,0.65111226,0.7734375
5380,0.4206363,0.859375
5400,0.45339704,0.84375
5420,0.39409706,0.84375
5440,0.5579871,0.7890625
5460,0.5687994,0.8125
5480,0.44429252,0.890625
5500,0.5865041,0.8359375
5520,0.5426694,0.8359375
5540,0.65571135,0.8046875
5560,0.42372066,0.859375
5580,0.51479805,0.84375
5600,0.3929176,0.875
5620,0.49459141,0.828125
5640,0.44910645,0.84375
5660,0.47771782,0.84375
5680,0.5092624,0.8125
5700,0.60851985,0.828125
5720,0.5481489,0.796875
5740,0.51366484,0.8359375
5760,0.5696852,0.796875
5780,0.48941246,0.8515625
5800,0.43829656,0.84375
5820,0.60671586,0.828125
5840,0.6002298,0.8125
5860,0.5087791,0.84375
5880,0.6772685,0.8125
5900,0.52641547,0.828125
5920,0.46113387,0.828125
5940,0.5010245,0.8046875
5960,0.5840713,0.8203125
5980,0.4855391,0.8203125
6000,0.5761416,0.828125
6020,0.6968857,0.7578125
6040,0.59282285,0.828125
6060,0.6432499,0.8125
6080,0.61570495,0.8125
6100,0.666633,0.8125
6120,0.46323192,0.875
6140,0.6030151,0.796875
6160,0.5207927,0.8203125
6180,0.50163513,0.8359375
6200,0.59511954,0.8203125
6220,0.5528641,0.828125
6240,0.5148518,0.8359375
6260,0.45287812,0.859375
6280,0.64384437,0.78125
6300,0.37414518,0.875
6320,0.5181305,0.8125
6340,0.37301537,0.890625
6360,0.582008,0.8125
6380,0.54719543,0.8359375
6400,0.5587362,0.828125
6420,0.5821561,0.8046875
6440,0.5728303,0.828125
6460,0.48691303,0.84375
6480,0.49382058,0.84375
6500,0.5394895,0.796875
6520,0.4999815,0.8046875
6540,0.5413934,0.8359375
6560,0.68944097,0.796875
6580,0.56916094,0.875
6600,0.6265255,0.7734375
6620,0.56359136,0.8359375
6640,0.62243205,0.8046875
6660,0.51142174,0.84375
6680,0.5562247,0.7890625
6700,0.5906774,0.8125
6720,0.62223357,0.78125
6740,0.47373477,0.859375
6760,0.54480755,0.8046875
6780,0.4332756,0.84375
6800,0.4623434,0.84375
6820,0.5780471,0.8125
6840,0.5319793,0.84375
6860,0.61598825,0.8125
6880,0.468956,0.8125
6900,0.4607631,0.8203125
6920,0.531808,0.7890625
6940,0.616796,0.8046875
6960,0.7122519,0.796875
6980,0.47674614,0.8203125
7000,0.53284985,0.8359375
7020,0.42789716,0.8671875
7040,0.5210841,0.8828125
7060,0.57575244,0.8125
7080,0.44629443,0.8671875
7100,0.450737,0.8515625
7120,0.4625159,0.8515625
7140,0.5270204,0.8203125
7160,0.4788729,0.8671875
7180,0.6128305,0.7890625
7200,0.45583117,0.8359375
7220,0.72042507,0.7734375
7240,0.6390789,0.78125
7260,0.65280896,0.765625
7280,0.57023346,0.796875
7300,0.440018,0.875
7320,0.5700712,0.796875
7340,0.5406845,0.8125
7360,0.6195816,0.8125
7380,0.7712868,0.8125
7400,0.72078323,0.78125
7420,0.51556504,0.828125
7440,0.48262084,0.8515625
7460,0.66605335,0.78125
7480,0.56388915,0.796875
7500,0.5373292,0.8203125
7520,0.6639019,0.7734375
7540,0.5969944,0.8046875
7560,0.34740937,0.875
7580,0.51104546,0.8515625
7600,0.4158754,0.8671875
7620,0.61836374,0.796875
7640,0.47944164,0.859375
7660,0.5575063,0.8125
7680,0.47558498,0.8203125
7700,0.6346757,0.7734375
7720,0.37764955,0.8828125
7740,0.5557027,0.828125
7760,0.5273576,0.8359375
7780,0.72269195,0.8046875
7800,0.6123814,0.8046875
7820,0.7119746,0.75
7840,0.51773274,0.84375
7860,0.5305047,0.828125
7880,0.5601124,0.828125
7900,0.5984098,0.796875
7920,0.5891777,0.8359375
7940,0.47800544,0.8515625
7960,0.44838053,0.875
7980,0.4066587,0.875
8000,0.74571013,0.7421875
8020,0.57866937,0.8203125
8040,0.5811862,0.8125
8060,0.360105,0.890625
8080,0.57505465,0.78125
8100,0.53688043,0.828125
8120,0.57561874,0.7890625
8140,0.50192785,0.828125
8160,0.5141313,0.8203125
8180,0.49020758,0.7890625
8200,0.66329795,0.8046875
8220,0.5063494,0.8203125
8240,0.6862113,0.7734375
8260,0.514185,0.796875
8280,0.64111847,0.7734375
8300,0.5805975,0.8515625
8320,0.5733297,0.8359375
8340,0.46964368,0.859375
8360,0.60252917,0.796875
8380,0.6954145,0.8125
8400,0.61822116,0.7890625
8420,0.54562026,0.8203125
8440,0.51804566,0.8125
8460,0.51869106,0.796875
8480,0.3848388,0.859375
8500,0.6014418,0.78125
8520,0.4139111,0.84375
8540,0.49685746,0.828125
8560,0.5263501,0.8515625
8580,0.49793822,0.828125
8600,0.5783298,0.8203125
8620,0.40707552,0.8671875
8640,0.67593133,0.765625
8660,0.5074159,0.8359375
8680,0.47516665,0.8203125
8700,0.5724653,0.8359375
8720,0.49707222,0.8359375
8740,0.4528857,0.8359375
8760,0.5220818,0.7890625
8780,0.6152021,0.8203125
8800,0.57226133,0.84375
8820,0.6411997,0.7890625
8840,0.6110219,0.8203125
8860,0.59431857,0.765625
8880,0.48241624,0.859375
8900,0.5959759,0.8359375
8920,0.603309,0.828125
8940,0.34494933,0.890625
8960,0.5250778,0.8515625
8980,0.5085199,0.8203125
9000,0.6032119,0.8125
9020,0.42080286,0.890625
9040,0.5296967,0.8046875
9060,0.5473031,0.84375
9080,0.5201516,0.8125
9100,0.5786391,0.7890625
9120,0.6517407,0.828125
9140,0.51816946,0.828125
9160,0.3954218,0.8671875
9180,0.5338277,0.8203125
9200,0.6241553,0.78125
9220,0.45835176,0.8046875
9240,0.54143393,0.796875
9260,0.567261,0.8359375
9280,0.4871112,0.859375
9300,0.642357,0.7734375
9320,0.37753868,0.875
9340,0.48521197,0.8359375
9360,0.8295951,0.7734375
9380,0.616023,0.8359375
9400,0.70500726,0.734375
9420,0.54080766,0.828125
9440,0.47699395,0.8359375
9460,0.55813974,0.84375
9480,0.6085818,0.796875
9500,0.4986699,0.8125
9520,0.47015366,0.859375
9540,0.50031126,0.859375
9560,0.45801958,0.84375
9580,0.5900457,0.765625
9600,0.6977103,0.7734375
9620,0.5002265,0.828125
9640,0.56204987,0.8125
9660,0.5626315,0.8046875
9680,0.61824656,0.8203125
9700,0.49692142,0.8359375
9720,0.40151572,0.8671875
9740,0.5564418,0.84375
9760,0.52096313,0.7890625
9780,0.55937034,0.828125
9800,0.5032494,0.8515625
9820,0.66906375,0.8203125
9840,0.51749086,0.796875
9860,0.659812,0.8203125
9880,0.60741675,0.7890625
9900,0.45037237,0.859375
9920,0.57304764,0.8046875
9940,0.52207315,0.8046875
9960,0.5032162,0.8203125
9980,0.5965957,0.8046875
10000,0.42358536,0.890625
